rule sunnyday_ransomware_april_2022 {
 meta:
 description = "Yara rule for SunnyDay ransomware - April 2022 version"
 author = "@sirpedrotavares - https://seguranca-informatica.pt"
 last_updated = "2022-04-11"
 tlp = "white"
 category = "informational"

 strings:
   $str_0 = ".SunnyDay" fullword wide
   $str_1 = "{KEY11111}" fullword wide
   $str_3 = {68 00 74 00 74 00 70 00 73 00 3A 00 2F 00 2F 00 64 00 69 00 73 00 74 00 2E 00 74 00 6F 00 72 00 70 00 72 00 6F 00 6A 00 65 00 63 00 74 00 2E 00 6F 00 72 00 67 00 2F 00 74 00 6F 00 72 00 62 00 72 00 6F 00 77 00 73 00 65 00 72 00 2F 00 38 00 2E 00 35 00 2E 00 33 00 2F 00 74 00 6F 00 72 00 2D 00 77 00 69 00 6E 00 33 00 32 00 2D 00 30 00 2E 00 33 00 2E 00 35 00 2E 00 38 00 2E 00 7A 00 69 00 70}
   $str_4 = {30 36 30 32 30 30 30 30 30 30 61 34 30 30 30 30 35 32 35 33 34 31 33 31 30 30 30 38 30 30 30 30 30 31 30 30 30 31 30 30 61 31 39 62 61 32 36 62 65 32 33 64 31 35 64 31 35 64 31 37 32 35 39 34 30 64 33 66 32 62 63 34 33 32 32 34 36 33 64 62 66 37 65 31 38 33 31 37 38 65 63 37 66 64 63 39 61 62 38 34 34 31 64 66 62 63 64 32 33 63 31 32 61 61 65 39 66 39 32 32 38 33 32 35 37 33 30 33 63 33 65 65 37 63 63 39 64 33 38 64 63 31 38 39 36 37 31 33 64 31 62 34 31 63 31 66 34 30 36 64 63 36 30 33 65 64 32 64 31 34 65 63 39 62 32 39 63 36 32 63 39 64 61 35 36 65 31 38 35 36 63 36 61 32 65 36 61 63 33 37 39 33 65 61 63 39 35 31 39 39 36 37 64 61 64 63 38 66 65 34 64 62 35 31 62 61 64 37 63 39 32 65 34 36 61 36 63 61 38 65 36 32 30 39 62 61 66 34 33 31 32 66 30 36 36 32 31 63 61 32 66 38 34 31 36 30 65 62 64 66 30 32 65 61 62 30 66 66 38 30 65 37 62 33 36 61 30 36 39 61 64 35 38 65 39 39 31 31 66 66 62 66 34 39 36 33 62 30 33 66 37 66 36 64 66 32 34 62 31 61 63 36 61 62 62 65 36 31 34 36 62 32 32 31 34 36 36 37 64 36 65 38 37 30 37 65 37 36 32 30 65 32 39 35 39 39 31 31 37 32 61 32 35 65 33 30 31 33 34 36 65 64 64 33 63 37 36 36 61 32 63 31 30 30 30 31 32 32 61 61 30 63 64 33 65 32 61 65 37 39 31 37 30 37 38 38 65 38 65 63 38 33 33 38 62 65 37 38 37 35 64 62 38 33 61 33 33 30 31 35 30 63 33 31 63 38 30 38 61 30 34 39 37 65 64 31 63 36 32 39 37 38 38 62 39 65 30 39 33 36 31 32 62 62 63 62 39 39 66 34 35 34 64 38 39 35 61 61 38 32 39 63 34 36 31 66 65 35 30 35 66 63 62 34 64 36 32 38 66 35 66 34 37 30 66 30 36 64 30 36 62 61 37 61 38 38 31 35 66 30 31 64 37 30 37 61 33 37 30 65 30 36 64 63 36 32 61 30 36 66 31 36 31 61 61 64 31 36 66 37 63 32}
 condition:
    all of ($str_*)
}
